  Time (in sec)   Displacement       Velocity
              0              1              0
        0.03125        0.99854     -0.0931722
         0.0625         0.9942      -0.184128
        0.09375       0.987071       -0.27138
          0.125       0.977291      -0.353648
        0.15625       0.965031      -0.429906
         0.1875       0.950492      -0.499419
        0.21875       0.933892      -0.561735
           0.25        0.91546      -0.616671
        0.28125       0.895427      -0.664273
         0.3125       0.874017      -0.704769
        0.34375       0.851449      -0.738524
          0.375       0.827925      -0.765995
        0.40625       0.803634      -0.787693
         0.4375       0.778749      -0.804148
        0.46875       0.753424      -0.815889
            0.5         0.7278      -0.823425
        0.53125       0.701999      -0.827234
         0.5625       0.676132      -0.827756
        0.59375       0.650294      -0.825391
          0.625       0.624571      -0.820496
        0.65625       0.599036      -0.813389
         0.6875       0.573754       -0.80435
        0.71875       0.548782      -0.793624
           0.75       0.524168      -0.781425
        0.78125       0.499956      -0.767938
         0.8125       0.476184      -0.753324
        0.84375       0.452884      -0.737721
          0.875       0.430085       -0.72125
        0.90625       0.407814      -0.704013
         0.9375       0.386091      -0.686098
        0.96875       0.364939      -0.667582
              1       0.344373       -0.64853
        1.03125       0.324411      -0.628997
         1.0625       0.305065      -0.609031
        1.09375        0.28635      -0.588674
          1.125       0.268277       -0.56796
        1.15625       0.250856      -0.546918
         1.1875       0.234098      -0.525574
        1.21875       0.218011      -0.503948
           1.25       0.202604      -0.482059
        1.28125       0.187885      -0.459921
         1.3125       0.173861      -0.437545
        1.34375        0.16054      -0.414941
          1.375        0.14793      -0.392116
        1.40625       0.136035      -0.369076
         1.4375       0.124865      -0.345824
        1.46875       0.114424      -0.322361
            1.5       0.104719      -0.298688
        1.53125      0.0957578      -0.274802
         1.5625      0.0875463      -0.250702
        1.59375      0.0800912      -0.226382
          1.625      0.0733997      -0.201836
        1.65625      0.0674789      -0.177057
         1.6875      0.0623362      -0.152035
        1.71875      0.0579794      -0.126759
           1.75      0.0544166      -0.101216
        1.78125      0.0516563     -0.0753915
         1.8125      0.0497077      -0.049268
        1.84375      0.0485804     -0.0228257
          1.875      0.0482847     0.00395716
        1.90625       0.048831      0.0310497
         1.9375      0.0502266      0.0582727
        1.96875      0.0524723       0.085423
              2      0.0555627         0.1123
        2.03125      0.0594862       0.138711
         2.0625      0.0642254       0.164473
        2.09375      0.0697572       0.189415
          2.125      0.0760537       0.213385
        2.15625      0.0830822       0.236247
         2.1875      0.0908064       0.257885
        2.21875      0.0991863       0.278203
           2.25        0.10818       0.297127
        2.28125       0.117742       0.314599
         2.3125       0.127826       0.330584
        2.34375       0.138387        0.34506
          2.375       0.149377       0.358024
        2.40625       0.160748       0.369485
         2.4375       0.172454       0.379465
        2.46875        0.18445       0.387996
            2.5       0.196689       0.395119
        2.53125        0.20913       0.400879
         2.5625       0.221731        0.40533
        2.59375        0.23445       0.408526
          2.625       0.247251       0.410525
        2.65625       0.260096       0.411387
         2.6875       0.272952       0.411169
        2.71875       0.285784       0.409932
           2.75       0.298562       0.407732
        2.78125       0.311258       0.404626
         2.8125       0.323843       0.400668
        2.84375       0.336291       0.395909
          2.875       0.348579       0.390398
        2.90625       0.360684       0.384183
         2.9375       0.372584       0.377307
        2.96875       0.384259       0.369812
              3       0.395691       0.361736
        3.03125       0.406862       0.353115
         3.0625       0.417755       0.343983
        3.09375       0.428356       0.334372
          3.125       0.438649       0.324309
        3.15625       0.448621       0.313822
         3.1875       0.458258       0.302935
        3.21875        0.46755       0.291671
           3.25       0.476484        0.28005
        3.28125        0.48505       0.268092
         3.3125       0.493237       0.255814
        3.34375       0.501035        0.24323
          3.375       0.508435       0.230356
        3.40625       0.515429       0.217205
         3.4375       0.522008       0.203787
        3.46875       0.528163       0.190114
            3.5       0.533888       0.176194
        3.53125       0.539173       0.162036
         3.5625       0.544012       0.147646
        3.59375       0.548399       0.133031
          3.625       0.552324       0.118195
        3.65625       0.555783       0.103142
         3.6875       0.558769      0.0878765
        3.71875       0.561274      0.0723999
           3.75       0.563291      0.0567135
        3.78125       0.564816      0.0408181
         3.8125        0.56584      0.0247132
        3.84375       0.566358     0.00839743
          3.875       0.566363    -0.00812965
        3.90625       0.565848     -0.0248286
         3.9375        0.56481     -0.0416175
        3.96875       0.563247     -0.0584117
              4        0.56116     -0.0751272
        4.03125       0.558553     -0.0916814
         4.0625       0.555433      -0.107994
        4.09375       0.551807       -0.12399
          4.125       0.547688      -0.139596
        4.15625       0.543087      -0.154745
         4.1875       0.538021      -0.169379
        4.21875       0.532507      -0.183441
           4.25       0.526563      -0.196886
        4.28125       0.520208      -0.209671
         4.3125       0.513465      -0.221765
        4.34375       0.506356       -0.23314
          4.375       0.498902      -0.243777
        4.40625       0.491127      -0.253662
         4.4375       0.483056      -0.262788
        4.46875       0.474711      -0.271154
            4.5       0.466117      -0.278764
        4.53125       0.457296      -0.285626
         4.5625       0.448273      -0.291752
        4.59375       0.439069      -0.297159
          4.625       0.429708      -0.301866
        4.65625        0.42021      -0.305896
         4.6875       0.410596      -0.309272
        4.71875       0.400887       -0.31202
           4.75       0.391101      -0.314169
        4.78125       0.381257      -0.315745
         4.8125       0.371372      -0.316778
        4.84375       0.361464      -0.317298
          4.875       0.351546      -0.317334
        4.90625       0.341635      -0.316915
         4.9375       0.331744       -0.31607
        4.96875       0.321885      -0.314828
              5       0.312071      -0.313218
        5.03125       0.302312      -0.311266
         5.0625        0.29262         -0.309
        5.09375       0.283003      -0.306445
          5.125        0.27347      -0.303626
        5.15625       0.264029      -0.300569
         5.1875       0.254686      -0.297295
        5.21875        0.24545      -0.293829
           5.25       0.236324       -0.29019
        5.28125       0.227314      -0.286401
         5.3125       0.218425       -0.28248
        5.34375       0.209661      -0.278447
          5.375       0.201023      -0.274321
        5.40625       0.192516      -0.270118
         5.4375       0.184142      -0.265854
        5.46875       0.175901      -0.261547
            5.5       0.167795       -0.25721
        5.53125       0.159825      -0.252859
         5.5625       0.151992      -0.248506
        5.59375       0.144294      -0.244166
          5.625       0.136731      -0.239849
        5.65625       0.129303      -0.235569
         5.6875       0.122007      -0.231336
        5.71875       0.114844       -0.22716
           5.75       0.107809      -0.223053
        5.78125       0.100902      -0.219022
         5.8125      0.0941194      -0.215078
        5.84375      0.0874586      -0.211228
          5.875      0.0809166       -0.20748
        5.90625        0.07449      -0.203841
         5.9375      0.0681753      -0.200319
        5.96875      0.0619688       -0.19692
              6      0.0558665      -0.193649
        6.03125      0.0498643      -0.190512
         6.0625       0.043958      -0.187514
        6.09375      0.0381432      -0.184659
          6.125      0.0324153       -0.18195
        6.15625      0.0267697      -0.179392
         6.1875      0.0212017      -0.176987
        6.21875      0.0157064      -0.174737
           6.25       0.010279      -0.172645
        6.28125     0.00491445      -0.170712
         6.3125   -0.000392155      -0.168938
        6.34375    -0.00564583      -0.167324
          6.375     -0.0108516       -0.16587
        6.40625     -0.0160144      -0.164575
         6.4375     -0.0211392      -0.163439
        6.46875     -0.0262309      -0.162459
            6.5     -0.0312945      -0.161634
        6.53125     -0.0363346      -0.160961
         6.5625     -0.0413561      -0.160437
        6.59375     -0.0463635      -0.160059
          6.625     -0.0513613      -0.159823
        6.65625     -0.0563538      -0.159723
         6.6875     -0.0613454      -0.159757
        6.71875       -0.06634      -0.159918
           6.75     -0.0713415        -0.1602
        6.78125     -0.0763537      -0.160599
         6.8125     -0.0813801      -0.161107
        6.84375      -0.086424      -0.161718
          6.875     -0.0914885      -0.162425
        6.90625     -0.0965765      -0.163221
         6.9375      -0.101691      -0.164099
        6.96875      -0.106833       -0.16505
              7      -0.112007      -0.166067
        7.03125      -0.117213      -0.167142
         7.0625      -0.122454      -0.168266
        7.09375       -0.12773      -0.169432
          7.125      -0.133044      -0.170632
        7.15625      -0.138395      -0.171856
         7.1875      -0.143785      -0.173096
        7.21875      -0.149214      -0.174345
           7.25      -0.154681      -0.175594
        7.28125      -0.160188      -0.176834
         7.3125      -0.165733      -0.178059
        7.34375      -0.171317      -0.179259
          7.375      -0.176937      -0.180427
        7.40625      -0.182593      -0.181556
         7.4375      -0.188283      -0.182638
        7.46875      -0.194007      -0.183667
            7.5      -0.199762      -0.184635
        7.53125      -0.205546      -0.185536
         7.5625      -0.211357      -0.186364
        7.59375      -0.217193      -0.187112
          7.625      -0.223051      -0.187776
        7.65625      -0.228928      -0.188349
         7.6875      -0.234822      -0.188827
        7.71875      -0.240729      -0.189206
           7.75      -0.246646       -0.18948
        7.78125       -0.25257      -0.189646
         7.8125      -0.258498        -0.1897
        7.84375      -0.264425      -0.189639
          7.875      -0.270349      -0.189459
        7.90625      -0.276265      -0.189159
         7.9375       -0.28217      -0.188736
        7.96875       -0.28806      -0.188187
              8       -0.29393       -0.18751
        8.03125      -0.299778      -0.186706
         8.0625      -0.305598      -0.185771
        8.09375      -0.311387      -0.184705
          8.125      -0.317141      -0.183508
        8.15625      -0.322855      -0.182179
         8.1875      -0.328526      -0.180717
        8.21875      -0.334149      -0.179123
           8.25       -0.33972      -0.177397
        8.28125      -0.345234      -0.175539
         8.3125      -0.350689       -0.17355
        8.34375       -0.35608      -0.171431
          8.375      -0.361402      -0.169181
        8.40625      -0.366653      -0.166804
         8.4375      -0.371826      -0.164298
        8.46875       -0.37692      -0.161667
            8.5      -0.381929      -0.158911
        8.53125       -0.38685      -0.156031
         8.5625       -0.39168       -0.15303
        8.59375      -0.396414      -0.149908
          8.625      -0.401048      -0.146669
        8.65625      -0.405579      -0.143313
         8.6875      -0.410004      -0.139842
        8.71875      -0.414318      -0.136258
           8.75      -0.418519      -0.132564
        8.78125      -0.422602      -0.128761
         8.8125      -0.426565      -0.124852
        8.84375      -0.430404      -0.120838
          8.875      -0.434117      -0.116722
        8.90625      -0.437698      -0.112505
         8.9375      -0.441147       -0.10819
        8.96875      -0.444459      -0.103779
              9      -0.447632     -0.0992748
        9.03125      -0.450663     -0.0946787
         9.0625      -0.453549     -0.0899931
        9.09375      -0.456287     -0.0852204
          9.125      -0.458874     -0.0803627
        9.15625      -0.461309     -0.0754222
         9.1875      -0.463587     -0.0704011
        9.21875      -0.465708     -0.0653017
           9.25      -0.467668     -0.0601262
        9.28125      -0.469465     -0.0548768
         9.3125      -0.471097     -0.0495556
        9.34375      -0.472561     -0.0441651
          9.375      -0.473856     -0.0387072
        9.40625       -0.47498     -0.0331844
         9.4375       -0.47593     -0.0275988
        9.46875      -0.476704     -0.0219527
            9.5      -0.477301     -0.0162484
        9.53125      -0.477719      -0.010488
         9.5625      -0.477956    -0.00467392
        9.59375      -0.478011     0.00119155
          9.625      -0.477881     0.00710302
        9.65625      -0.477566      0.0130481
         9.6875      -0.477066      0.0190133
        9.71875      -0.476378      0.0249849
           9.75      -0.475504      0.0309495
        9.78125      -0.474444      0.0368934
         9.8125      -0.473199      0.0428033
        9.84375      -0.471769       0.048666
          9.875      -0.470158      0.0544687
        9.90625      -0.468366      0.0601991
         9.9375      -0.466396      0.0658451
        9.96875      -0.464251      0.0713954
             10      -0.461935      0.0768392
        10.0312       -0.45945      0.0821664
        10.0625      -0.456801      0.0873676
        10.0938      -0.453991      0.0924342
         10.125      -0.451025      0.0973582
        10.1562      -0.447908       0.102133
        10.1875      -0.444644       0.106751
        10.2188      -0.441237       0.111209
          10.25      -0.437695         0.1155
        10.2812       -0.43402       0.119622
        10.3125       -0.43022       0.123572
        10.3438      -0.426299       0.127347
         10.375      -0.422263       0.130947
        10.4062      -0.418117        0.13437
        10.4375      -0.413866       0.137618
        10.4688      -0.409517        0.14069
           10.5      -0.405075       0.143589
        10.5312      -0.400545       0.146317
        10.5625      -0.395932       0.148876
        10.5938      -0.391242       0.151271
         10.625      -0.386479       0.153504
        10.6562      -0.381649       0.155581
        10.6875      -0.376757       0.157506
        10.7188      -0.371807       0.159284
          10.75      -0.366803       0.160921
        10.7812      -0.361751       0.162422
        10.8125      -0.356653       0.163795
        10.8438      -0.351515       0.165044
         10.875      -0.346339       0.166176
        10.9062       -0.34113       0.167199
        10.9375       -0.33589       0.168118
        10.9688      -0.330624       0.168941
             11      -0.325332       0.169674
        11.0312       -0.32002       0.170325
        11.0625      -0.314688       0.170899
        11.0938      -0.309339       0.171404
         11.125      -0.303976       0.171846
        11.1562        -0.2986       0.172233
        11.1875      -0.293212        0.17257
        11.2188      -0.287814       0.172863
          11.25      -0.282408        0.17312
        11.2812      -0.276995       0.173346
        11.3125      -0.271574       0.173547
        11.3438      -0.266148       0.173729
         11.375      -0.260716       0.173897
        11.4062       -0.25528       0.174056
        11.4375      -0.249838       0.174211
        11.4688      -0.244391       0.174368
           11.5       -0.23894        0.17453
        11.5312      -0.233483       0.174702
        11.5625      -0.228021       0.174887
        11.5938      -0.222553        0.17509
         11.625      -0.217078       0.175314
        11.6562      -0.211595       0.175561
        11.6875      -0.206105       0.175836
        11.7188      -0.200605       0.176139
          11.75      -0.195096       0.176474
        11.7812      -0.189575       0.176843
        11.8125      -0.184043       0.177247
        11.8438      -0.178497       0.177687
         11.875      -0.172937       0.178165
        11.9062      -0.167361       0.178681
        11.9375      -0.161769       0.179236
        11.9688      -0.156159       0.179831
             12      -0.150529       0.180464
        12.0312      -0.144879       0.181137
        12.0625      -0.139208       0.181847
        12.0938      -0.133513       0.182596
         12.125      -0.127795       0.183381
        12.1562      -0.122052       0.184201
        12.1875      -0.116282       0.185055
        12.2188      -0.110485       0.185941
          12.25       -0.10466       0.186858
        12.2812     -0.0988064       0.187802
        12.3125     -0.0929225       0.188772
        12.3438     -0.0870079       0.189766
         12.375     -0.0810619       0.190781
        12.4062     -0.0750839       0.191813
        12.4375     -0.0690735       0.192861
        12.4688       -0.06303       0.193921
           12.5     -0.0569533        0.19499
        12.5312      -0.050843       0.196066
        12.5625     -0.0446991       0.197144
        12.5938     -0.0385215       0.198222
         12.625     -0.0323103       0.199296
        12.6562     -0.0260656       0.200363
        12.6875     -0.0197878       0.201419
        12.7188     -0.0134771       0.202461
          12.75     -0.0071341       0.203487
        12.7812   -0.000759387       0.204491
        12.8125     0.00564635       0.205472
        12.8438      0.0120823       0.206425
         12.875      0.0185476       0.207348
        12.9062      0.0250412       0.208237
        12.9375       0.031562       0.209089
        12.9688      0.0381088       0.209901
             13      0.0446803        0.21067
        13.0312      0.0512752       0.211394
        13.0625       0.057892       0.212069
        13.0938       0.064529       0.212693
         13.125      0.0711847       0.213263
        13.1562      0.0778574       0.213778
        13.1875      0.0845452       0.214233
        13.2188      0.0912463       0.214628
          13.25      0.0979588        0.21496
        13.2812       0.104681       0.215228
        13.3125        0.11141       0.215428
        13.3438       0.118144        0.21556
         13.375       0.124882       0.215623
        13.4062        0.13162       0.215614
        13.4375       0.138357       0.215532
        13.4688        0.14509       0.215376
           13.5       0.151817       0.215144
        13.5312       0.158536       0.214837
        13.5625       0.165243       0.214452
        13.5938       0.171938        0.21399
         13.625       0.178617       0.213449
        13.6562       0.185278       0.212829
        13.6875       0.191918       0.212129
        13.7188       0.198535       0.211349
          13.75       0.205126       0.210489
        13.7812        0.21169       0.209549
        13.8125       0.218222       0.208528
        13.8438       0.224722       0.207426
         13.875       0.231186       0.206243
        13.9062       0.237611        0.20498
        13.9375       0.243996       0.203637
        13.9688       0.250338       0.202213
             14       0.256634        0.20071
        14.0312       0.262881       0.199127
        14.0625       0.269078       0.197466
        14.0938       0.275222       0.195725
         14.125        0.28131       0.193906
        14.1562        0.28734        0.19201
        14.1875        0.29331       0.190037
        14.2188       0.299217       0.187987
          14.25       0.305059       0.185862
        14.2812       0.310833       0.183661
        14.3125       0.316537       0.181386
        14.3438       0.322168       0.179037
         14.375       0.327726       0.176616
        14.4062       0.333206       0.174122
        14.4375       0.338608       0.171556
        14.4688       0.343928        0.16892
           14.5       0.349164       0.166214
        14.5312       0.354315       0.163438
        14.5625       0.359378       0.160595
        14.5938       0.364352       0.157683
         14.625       0.369233       0.154705
        14.6562        0.37402       0.151662
        14.6875       0.378711       0.148553
        14.7188       0.383304        0.14538
          14.75       0.387797       0.142143
        14.7812       0.392187       0.138844
        14.8125       0.396474       0.135484
        14.8438       0.400654       0.132062
         14.875       0.404727        0.12858
        14.9062        0.40869       0.125039
        14.9375       0.412541        0.12144
        14.9688       0.416279       0.117783
             15       0.419902        0.11407
