      step_size function value
              0              1
          0.002       0.998003
          0.004       0.996009
          0.006       0.994019
          0.008       0.992033
           0.01       0.990051
          0.012       0.988073
          0.014       0.986099
          0.016       0.984128
          0.018       0.982162
           0.02         0.9802
          0.022       0.978241
          0.024       0.976287
          0.026       0.974336
          0.028       0.972389
           0.03       0.970447
          0.032       0.968508
          0.034       0.966572
          0.036       0.964641
          0.038       0.962714
           0.04        0.96079
          0.042       0.958871
          0.044       0.956955
          0.046       0.955043
          0.048       0.953135
           0.05        0.95123
          0.052        0.94933
          0.054       0.947433
          0.056        0.94554
          0.058       0.943651
           0.06       0.941765
          0.062       0.939884
          0.064       0.938006
          0.066       0.936132
          0.068       0.934261
           0.07       0.932395
          0.072       0.930532
          0.074       0.928673
          0.076       0.926817
          0.078       0.924965
           0.08       0.923117
          0.082       0.921273
          0.084       0.919432
          0.086       0.917595
          0.088       0.915762
           0.09       0.913932
          0.092       0.912106
          0.094       0.910284
          0.096       0.908465
          0.098        0.90665
            0.1       0.904838
          0.102        0.90303
          0.104       0.901226
          0.106       0.899426
          0.108       0.897628
           0.11       0.895835
          0.112       0.894045
          0.114       0.892259
          0.116       0.890476
          0.118       0.888697
           0.12       0.886921
          0.122       0.885149
          0.124       0.883381
          0.126       0.881616
          0.128       0.879854
           0.13       0.878096
          0.132       0.876342
          0.134       0.874591
          0.136       0.872844
          0.138         0.8711
           0.14       0.869359
          0.142       0.867622
          0.144       0.865889
          0.146       0.864159
          0.148       0.862432
           0.15       0.860709
          0.152       0.858989
          0.154       0.857273
          0.156        0.85556
          0.158       0.853851
           0.16       0.852145
          0.162       0.850442
          0.164       0.848743
          0.166       0.847047
          0.168       0.845355
           0.17       0.843666
          0.172        0.84198
          0.174       0.840298
          0.176       0.838619
          0.178       0.836943
           0.18       0.835271
          0.182       0.833602
          0.184       0.831937
          0.186       0.830274
          0.188       0.828616
           0.19        0.82696
          0.192       0.825308
          0.194       0.823659
          0.196       0.822013
          0.198       0.820371
            0.2       0.818732
          0.202       0.817096
          0.204       0.815463
          0.206       0.813834
          0.208       0.812208
           0.21       0.810585
          0.212       0.808966
          0.214       0.807349
          0.216       0.805736
          0.218       0.804126
           0.22        0.80252
          0.222       0.800916
          0.224       0.799316
          0.226       0.797719
          0.228       0.796125
           0.23       0.794534
          0.232       0.792947
          0.234       0.791363
          0.236       0.789781
          0.238       0.788203
           0.24       0.786629
          0.242       0.785057
          0.244       0.783488
          0.246       0.781923
          0.248       0.780361
           0.25       0.778802
          0.252       0.777246
          0.254       0.775693
          0.256       0.774143
          0.258       0.772596
           0.26       0.771052
          0.262       0.769512
          0.264       0.767974
          0.266        0.76644
          0.268       0.764909
           0.27        0.76338
          0.272       0.761855
          0.274       0.760333
          0.276       0.758814
          0.278       0.757298
           0.28       0.755784
          0.282       0.754274
          0.284       0.752767
          0.286       0.751263
          0.288       0.749762
           0.29       0.748264
          0.292       0.746769
          0.294       0.745277
          0.296       0.743788
          0.298       0.742302
            0.3       0.740819
          0.302       0.739339
          0.304       0.737862
          0.306       0.736387
          0.308       0.734916
           0.31       0.733448
          0.312       0.731982
          0.314        0.73052
          0.316        0.72906
          0.318       0.727604
           0.32        0.72615
          0.322       0.724699
          0.324       0.723251
          0.326       0.721806
          0.328       0.720364
           0.33       0.718924
          0.332       0.717488
          0.334       0.716054
          0.336       0.714624
          0.338       0.713196
           0.34       0.711771
          0.342       0.710349
          0.344        0.70893
          0.346       0.707513
          0.348         0.7061
           0.35       0.704689
          0.352       0.703281
          0.354       0.701876
          0.356       0.700473
          0.358       0.699074
           0.36       0.697677
          0.362       0.696283
          0.364       0.694892
          0.366       0.693503
          0.368       0.692118
           0.37       0.690735
          0.372       0.689355
          0.374       0.687978
          0.376       0.686603
          0.378       0.685231
           0.38       0.683862
          0.382       0.682496
          0.384       0.681132
          0.386       0.679771
          0.388       0.678413
           0.39       0.677058
          0.392       0.675705
          0.394       0.674355
          0.396       0.673007
          0.398       0.671663
            0.4       0.670321
          0.402       0.668981
          0.404       0.667645
          0.406       0.666311
          0.408        0.66498
           0.41       0.663651
          0.412       0.662325
          0.414       0.661002
          0.416       0.659681
          0.418       0.658363
           0.42       0.657047
          0.422       0.655735
          0.424       0.654425
          0.426       0.653117
          0.428       0.651812
           0.43        0.65051
          0.432        0.64921
          0.434       0.647913
          0.436       0.646618
          0.438       0.645326
           0.44       0.644037
          0.442        0.64275
          0.444       0.641466
          0.446       0.640184
          0.448       0.638905
           0.45       0.637629
          0.452       0.636355
          0.454       0.635083
          0.456       0.633814
          0.458       0.632548
           0.46       0.631284
          0.462       0.630023
          0.464       0.628764
          0.466       0.627508
          0.468       0.626254
           0.47       0.625003
          0.472       0.623754
          0.474       0.622508
          0.476       0.621264
          0.478       0.620023
           0.48       0.618784
          0.482       0.617548
          0.484       0.616314
          0.486       0.615082
          0.488       0.613853
           0.49       0.612627
          0.492       0.611403
          0.494       0.610181
          0.496       0.608962
          0.498       0.607746
            0.5       0.606531
          0.502       0.605319
          0.504        0.60411
          0.506       0.602903
          0.508       0.601698
           0.51       0.600496
          0.512       0.599296
          0.514       0.598099
          0.516       0.596904
          0.518       0.595711
           0.52       0.594521
          0.522       0.593333
          0.524       0.592148
          0.526       0.590965
          0.528       0.589784
           0.53       0.588606
          0.532        0.58743
          0.534       0.586256
          0.536       0.585084
          0.538       0.583916
           0.54       0.582749
          0.542       0.581585
          0.544       0.580422
          0.546       0.579263
          0.548       0.578105
           0.55        0.57695
          0.552       0.575798
          0.554       0.574647
          0.556       0.573499
          0.558       0.572353
           0.56        0.57121
          0.562       0.570068
          0.564       0.568929
          0.566       0.567793
          0.568       0.566658
           0.57       0.565526
          0.572       0.564396
          0.574       0.563268
          0.576       0.562143
          0.578        0.56102
           0.58       0.559899
          0.582        0.55878
          0.584       0.557664
          0.586        0.55655
          0.588       0.555438
           0.59       0.554328
          0.592        0.55322
          0.594       0.552115
          0.596       0.551012
          0.598       0.549911
            0.6       0.548812
          0.602       0.547716
          0.604       0.546621
          0.606       0.545529
          0.608       0.544439
           0.61       0.543351
          0.612       0.542266
          0.614       0.541182
          0.616       0.540101
          0.618       0.539022
           0.62       0.537945
          0.622        0.53687
          0.624       0.535797
          0.626       0.534727
          0.628       0.533659
           0.63       0.532592
          0.632       0.531528
          0.634       0.530466
          0.636       0.529406
          0.638       0.528349
           0.64       0.527293
          0.642       0.526239
          0.644       0.525188
          0.646       0.524139
          0.648       0.523091
           0.65       0.522046
          0.652       0.521003
          0.654       0.519962
          0.656       0.518923
          0.658       0.517887
           0.66       0.516852
          0.662       0.515819
          0.664       0.514789
          0.666        0.51376
          0.668       0.512734
           0.67       0.511709
          0.672       0.510687
          0.674       0.509666
          0.676       0.508648
          0.678       0.507632
           0.68       0.506617
          0.682       0.505605
          0.684       0.504595
          0.686       0.503587
          0.688       0.502581
           0.69       0.501577
          0.692       0.500574
          0.694       0.499574
          0.696       0.498576
          0.698        0.49758
            0.7       0.496586
          0.702       0.495594
          0.704       0.494603
          0.706       0.493615
          0.708       0.492629
           0.71       0.491645
          0.712       0.490662
          0.714       0.489682
          0.716       0.488704
          0.718       0.487727
           0.72       0.486753
          0.722        0.48578
          0.724        0.48481
          0.726       0.483841
          0.728       0.482874
           0.73       0.481909
          0.732       0.480947
          0.734       0.479986
          0.736       0.479027
          0.738        0.47807
           0.74       0.477114
          0.742       0.476161
          0.744        0.47521
          0.746        0.47426
          0.748       0.473313
           0.75       0.472367
          0.752       0.471423
          0.754       0.470481
          0.756       0.469541
          0.758       0.468603
           0.76       0.467667
          0.762       0.466732
          0.764         0.4658
          0.766       0.464869
          0.768        0.46394
           0.77       0.463014
          0.772       0.462088
          0.774       0.461165
          0.776       0.460244
          0.778       0.459324
           0.78       0.458406
          0.782       0.457491
          0.784       0.456577
          0.786       0.455664
          0.788       0.454754
           0.79       0.453845
          0.792       0.452938
          0.794       0.452033
          0.796        0.45113
          0.798       0.450229
            0.8       0.449329
          0.802       0.448432
          0.804       0.447536
          0.806       0.446642
          0.808       0.445749
           0.81       0.444859
          0.812        0.44397
          0.814       0.443083
          0.816       0.442197
          0.818       0.441314
           0.82       0.440432
          0.822       0.439552
          0.824       0.438674
          0.826       0.437797
          0.828       0.436923
           0.83        0.43605
          0.832       0.435178
          0.834       0.434309
          0.836       0.433441
          0.838       0.432575
           0.84       0.431711
          0.842       0.430848
          0.844       0.429988
          0.846       0.429128
          0.848       0.428271
           0.85       0.427415
          0.852       0.426561
          0.854       0.425709
          0.856       0.424859
          0.858        0.42401
           0.86       0.423163
          0.862       0.422317
          0.864       0.421473
          0.866       0.420631
          0.868       0.419791
           0.87       0.418952
          0.872       0.418115
          0.874        0.41728
          0.876       0.416446
          0.878       0.415614
           0.88       0.414783
          0.882       0.413955
          0.884       0.413128
          0.886       0.412302
          0.888       0.411478
           0.89       0.410656
          0.892       0.409836
          0.894       0.409017
          0.896         0.4082
          0.898       0.407384
            0.9        0.40657
          0.902       0.405758
          0.904       0.404947
          0.906       0.404138
          0.908        0.40333
           0.91       0.402525
          0.912        0.40172
          0.914       0.400918
          0.916       0.400117
          0.918       0.399317
           0.92       0.398519
          0.922       0.397723
          0.924       0.396929
          0.926       0.396135
          0.928       0.395344
           0.93       0.394554
          0.932       0.393766
          0.934       0.392979
          0.936       0.392194
          0.938        0.39141
           0.94       0.390628
          0.942       0.389848
          0.944       0.389069
          0.946       0.388291
          0.948       0.387516
           0.95       0.386741
          0.952       0.385969
          0.954       0.385198
          0.956       0.384428
          0.958        0.38366
           0.96       0.382893
          0.962       0.382128
          0.964       0.381365
          0.966       0.380603
          0.968       0.379842
           0.97       0.379083
          0.972       0.378326
          0.974        0.37757
          0.976       0.376816
          0.978       0.376063
           0.98       0.375311
          0.982       0.374562
          0.984       0.373813
          0.986       0.373066
          0.988       0.372321
           0.99       0.371577
          0.992       0.370835
          0.994       0.370094
          0.996       0.369354
          0.998       0.368616
              1        0.36788
          1.002       0.367145
          1.004       0.366411
          1.006       0.365679
          1.008       0.364949
           1.01       0.364219
          1.012       0.363492
          1.014       0.362765
          1.016       0.362041
          1.018       0.361317
           1.02       0.360595
          1.022       0.359875
          1.024       0.359156
          1.026       0.358438
          1.028       0.357722
           1.03       0.357007
          1.032       0.356294
          1.034       0.355582
          1.036       0.354872
          1.038       0.354163
           1.04       0.353455
          1.042       0.352749
          1.044       0.352044
          1.046       0.351341
          1.048       0.350639
           1.05       0.349938
          1.052       0.349239
          1.054       0.348541
          1.056       0.347845
          1.058        0.34715
           1.06       0.346456
          1.062       0.345764
          1.064       0.345073
          1.066       0.344384
          1.068       0.343696
           1.07       0.343009
          1.072       0.342324
          1.074        0.34164
          1.076       0.340957
          1.078       0.340276
           1.08       0.339596
          1.082       0.338917
          1.084        0.33824
          1.086       0.337564
          1.088        0.33689
           1.09       0.336217
          1.092       0.335545
          1.094       0.334875
          1.096       0.334206
          1.098       0.333538
            1.1       0.332871
          1.102       0.332206
          1.104       0.331543
          1.106        0.33088
          1.108       0.330219
           1.11       0.329559
          1.112       0.328901
          1.114       0.328244
          1.116       0.327588
          1.118       0.326933
           1.12        0.32628
          1.122       0.325628
          1.124       0.324978
          1.126       0.324328
          1.128        0.32368
           1.13       0.323034
          1.132       0.322388
          1.134       0.321744
          1.136       0.321101
          1.138        0.32046
           1.14       0.319819
          1.142        0.31918
          1.144       0.318543
          1.146       0.317906
          1.148       0.317271
           1.15       0.316637
          1.152       0.316004
          1.154       0.315373
          1.156       0.314743
          1.158       0.314114
           1.16       0.313486
          1.162        0.31286
          1.164       0.312235
          1.166       0.311611
          1.168       0.310989
           1.17       0.310367
          1.172       0.309747
          1.174       0.309128
          1.176       0.308511
          1.178       0.307894
           1.18       0.307279
          1.182       0.306665
          1.184       0.306052
          1.186       0.305441
          1.188       0.304831
           1.19       0.304222
          1.192       0.303614
          1.194       0.303007
          1.196       0.302402
          1.198       0.301798
            1.2       0.301195
          1.202       0.300593
          1.204       0.299992
          1.206       0.299393
          1.208       0.298795
           1.21       0.298198
          1.212       0.297602
          1.214       0.297007
          1.216       0.296414
          1.218       0.295822
           1.22        0.29523
          1.222       0.294641
          1.224       0.294052
          1.226       0.293464
          1.228       0.292878
           1.23       0.292293
          1.232       0.291709
          1.234       0.291126
          1.236       0.290544
          1.238       0.289964
           1.24       0.289385
          1.242       0.288806
          1.244       0.288229
          1.246       0.287653
          1.248       0.287079
           1.25       0.286505
          1.252       0.285933
          1.254       0.285361
          1.256       0.284791
          1.258       0.284222
           1.26       0.283654
          1.262       0.283088
          1.264       0.282522
          1.266       0.281957
          1.268       0.281394
           1.27       0.280832
          1.272       0.280271
          1.274       0.279711
          1.276       0.279152
          1.278       0.278594
           1.28       0.278038
          1.282       0.277482
          1.284       0.276928
          1.286       0.276374
          1.288       0.275822
           1.29       0.275271
          1.292       0.274721
          1.294       0.274172
          1.296       0.273624
          1.298       0.273078
            1.3       0.272532
          1.302       0.271988
          1.304       0.271444
          1.306       0.270902
          1.308       0.270361
           1.31        0.26982
          1.312       0.269281
          1.314       0.268743
          1.316       0.268206
          1.318        0.26767
           1.32       0.267136
          1.322       0.266602
          1.324       0.266069
          1.326       0.265538
          1.328       0.265007
           1.33       0.264478
          1.332       0.263949
          1.334       0.263422
          1.336       0.262895
          1.338        0.26237
           1.34       0.261846
          1.342       0.261323
          1.344       0.260801
          1.346        0.26028
          1.348        0.25976
           1.35       0.259241
          1.352       0.258723
          1.354       0.258206
          1.356        0.25769
          1.358       0.257175
           1.36       0.256661
          1.362       0.256148
          1.364       0.255636
          1.366       0.255126
          1.368       0.254616
           1.37       0.254107
          1.372         0.2536
          1.374       0.253093
          1.376       0.252587
          1.378       0.252082
           1.38       0.251579
          1.382       0.251076
          1.384       0.250574
          1.386       0.250074
          1.388       0.249574
           1.39       0.249076
          1.392       0.248578
          1.394       0.248081
          1.396       0.247586
          1.398       0.247091
            1.4       0.246597
          1.402       0.246105
          1.404       0.245613
          1.406       0.245122
          1.408       0.244632
           1.41       0.244144
          1.412       0.243656
          1.414       0.243169
          1.416       0.242683
          1.418       0.242198
           1.42       0.241714
          1.422       0.241231
          1.424       0.240749
          1.426       0.240268
          1.428       0.239788
           1.43       0.239309
          1.432       0.238831
          1.434       0.238354
          1.436       0.237878
          1.438       0.237402
           1.44       0.236928
          1.442       0.236455
          1.444       0.235982
          1.446       0.235511
          1.448        0.23504
           1.45       0.234571
          1.452       0.234102
          1.454       0.233634
          1.456       0.233167
          1.458       0.232701
           1.46       0.232237
          1.462       0.231772
          1.464       0.231309
          1.466       0.230847
          1.468       0.230386
           1.47       0.229926
          1.472       0.229466
          1.474       0.229008
          1.476        0.22855
          1.478       0.228094
           1.48       0.227638
          1.482       0.227183
          1.484       0.226729
          1.486       0.226276
          1.488       0.225824
           1.49       0.225373
          1.492       0.224923
          1.494       0.224473
          1.496       0.224025
          1.498       0.223577
            1.5        0.22313
          1.502       0.222685
          1.504        0.22224
          1.506       0.221796
          1.508       0.221352
           1.51        0.22091
          1.512       0.220469
          1.514       0.220028
          1.516       0.219589
          1.518        0.21915
           1.52       0.218712
          1.522       0.218275
          1.524       0.217839
          1.526       0.217404
          1.528       0.216969
           1.53       0.216536
          1.532       0.216103
          1.534       0.215671
          1.536       0.215241
          1.538       0.214811
           1.54       0.214381
          1.542       0.213953
          1.544       0.213526
          1.546       0.213099
          1.548       0.212673
           1.55       0.212248
          1.552       0.211824
          1.554       0.211401
          1.556       0.210979
          1.558       0.210557
           1.56       0.210136
          1.562       0.209716
          1.564       0.209297
          1.566       0.208879
          1.568       0.208462
           1.57       0.208045
          1.572        0.20763
          1.574       0.207215
          1.576       0.206801
          1.578       0.206388
           1.58       0.205975
          1.582       0.205564
          1.584       0.205153
          1.586       0.204743
          1.588       0.204334
           1.59       0.203926
          1.592       0.203518
          1.594       0.203112
          1.596       0.202706
          1.598       0.202301
            1.6       0.201897
          1.602       0.201493
          1.604       0.201091
          1.606       0.200689
          1.608       0.200288
           1.61       0.199888
          1.612       0.199488
          1.614        0.19909
          1.616       0.198692
          1.618       0.198295
           1.62       0.197899
          1.622       0.197503
          1.624       0.197109
          1.626       0.196715
          1.628       0.196322
           1.63        0.19593
          1.632       0.195538
          1.634       0.195148
          1.636       0.194758
          1.638       0.194369
           1.64        0.19398
          1.642       0.193593
          1.644       0.193206
          1.646        0.19282
          1.648       0.192435
           1.65        0.19205
          1.652       0.191666
          1.654       0.191283
          1.656       0.190901
          1.658        0.19052
           1.66       0.190139
          1.662       0.189759
          1.664        0.18938
          1.666       0.189002
          1.668       0.188624
           1.67       0.188247
          1.672       0.187871
          1.674       0.187496
          1.676       0.187121
          1.678       0.186747
           1.68       0.186374
          1.682       0.186002
          1.684        0.18563
          1.686       0.185259
          1.688       0.184889
           1.69        0.18452
          1.692       0.184151
          1.694       0.183783
          1.696       0.183416
          1.698       0.183049
            1.7       0.182684
          1.702       0.182319
          1.704       0.181954
          1.706       0.181591
          1.708       0.181228
           1.71       0.180866
          1.712       0.180505
          1.714       0.180144
          1.716       0.179784
          1.718       0.179425
           1.72       0.179066
          1.722       0.178709
          1.724       0.178351
          1.726       0.177995
          1.728        0.17764
           1.73       0.177285
          1.732        0.17693
          1.734       0.176577
          1.736       0.176224
          1.738       0.175872
           1.74       0.175521
          1.742        0.17517
          1.744        0.17482
          1.746       0.174471
          1.748       0.174122
           1.75       0.173774
          1.752       0.173427
          1.754        0.17308
          1.756       0.172735
          1.758       0.172389
           1.76       0.172045
          1.762       0.171701
          1.764       0.171358
          1.766       0.171016
          1.768       0.170674
           1.77       0.170333
          1.772       0.169993
          1.774       0.169653
          1.776       0.169314
          1.778       0.168976
           1.78       0.168638
          1.782       0.168301
          1.784       0.167965
          1.786        0.16763
          1.788       0.167295
           1.79        0.16696
          1.792       0.166627
          1.794       0.166294
          1.796       0.165962
          1.798        0.16563
            1.8       0.165299
          1.802       0.164969
          1.804       0.164639
          1.806        0.16431
          1.808       0.163982
           1.81       0.163654
          1.812       0.163327
          1.814       0.163001
          1.816       0.162675
          1.818        0.16235
           1.82       0.162026
          1.822       0.161702
          1.824       0.161379
          1.826       0.161057
          1.828       0.160735
           1.83       0.160414
          1.832       0.160093
          1.834       0.159773
          1.836       0.159454
          1.838       0.159136
           1.84       0.158818
          1.842         0.1585
          1.844       0.158184
          1.846       0.157868
          1.848       0.157552
           1.85       0.157237
          1.852       0.156923
          1.854        0.15661
          1.856       0.156297
          1.858       0.155984
           1.86       0.155673
          1.862       0.155362
          1.864       0.155051
          1.866       0.154742
          1.868       0.154432
           1.87       0.154124
          1.872       0.153816
          1.874       0.153509
          1.876       0.153202
          1.878       0.152896
           1.88        0.15259
          1.882       0.152285
          1.884       0.151981
          1.886       0.151677
          1.888       0.151374
           1.89       0.151072
          1.892        0.15077
          1.894       0.150469
          1.896       0.150168
          1.898       0.149868
            1.9       0.149569
          1.902        0.14927
          1.904       0.148972
          1.906       0.148674
          1.908       0.148377
           1.91       0.148081
          1.912       0.147785
          1.914       0.147489
          1.916       0.147195
          1.918       0.146901
           1.92       0.146607
          1.922       0.146314
          1.924       0.146022
          1.926        0.14573
          1.928       0.145439
           1.93       0.145148
          1.932       0.144858
          1.934       0.144569
          1.936        0.14428
          1.938       0.143992
           1.94       0.143704
          1.942       0.143417
          1.944        0.14313
          1.946       0.142844
          1.948       0.142559
           1.95       0.142274
          1.952        0.14199
          1.954       0.141706
          1.956       0.141423
          1.958       0.141141
           1.96       0.140859
          1.962       0.140577
          1.964       0.140296
          1.966       0.140016
          1.968       0.139736
           1.97       0.139457
          1.972       0.139178
          1.974         0.1389
          1.976       0.138623
          1.978       0.138346
           1.98       0.138069
          1.982       0.137794
          1.984       0.137518
          1.986       0.137243
          1.988       0.136969
           1.99       0.136696
          1.992       0.136422
          1.994        0.13615
          1.996       0.135878
          1.998       0.135606
              2       0.135335
