      step_size function value
              0            0.5
            0.1       0.899933
            0.2       0.818724
            0.3       0.740856
            0.4       0.670355
            0.5       0.606562
            0.6        0.54884
            0.7       0.496611
            0.8       0.449352
            0.9       0.406591
              1       0.367898
            1.1       0.332888
            1.2        0.30121
            1.3       0.272546
            1.4        0.24661
            1.5       0.223142
            1.6       0.201907
            1.7       0.182693
            1.8       0.165307
            1.9       0.149576
              2       0.135342
