      step_size function value
              0              1
          0.002            0.9
          0.004        1.29326
          0.006       -46.2413
          0.008         4651.9
           0.01        -460471
          0.012    4.55867e+07
          0.014   -4.51308e+09
          0.016    4.46795e+11
          0.018   -4.42327e+13
           0.02    4.37904e+15
          0.022   -4.33525e+17
          0.024     4.2919e+19
          0.026   -4.24898e+21
          0.028    4.20649e+23
           0.03   -4.16442e+25
          0.032    4.12278e+27
          0.034   -4.08155e+29
          0.036    4.04074e+31
          0.038   -4.00033e+33
           0.04    3.96033e+35
          0.042   1.09396e-309
          0.044    1.0291e-311
          0.046    1.0291e-311
          0.048   7.36663e+228
           0.05   9.06185e+227
          0.052   4.72234e+257
          0.054   4.06892e+233
          0.056   9.29603e+199
          0.058   2.37377e+137
           0.06   3.98215e+209
          0.062   4.16847e+199
          0.064    2.17703e+16
          0.066   1.66012e+151
          0.068   1.58147e+151
           0.07   1.90887e+136
          0.072   5.75057e+160
          0.074    2.4358e-152
          0.076   1.76654e+137
          0.078   1.01493e+137
           0.08   4.36382e+242
          0.082    4.68161e+64
          0.084   5.14019e+252
          0.086   2.64981e+180
          0.088   8.95194e+271
           0.09    4.91057e+25
          0.092    1.83371e+16
          0.094    1.51331e-13
          0.096   4.25633e+180
          0.098    5.25085e-90
            0.1     6.1258e-62
          0.102   6.41938e+246
          0.104    1.11737e+21
          0.106    2.08381e+45
          0.108    1.25734e+26
           0.11    6.83256e+25
          0.112    2.14975e-13
          0.114   2.05153e+161
          0.116   3.18196e+231
          0.118   8.89055e+170
           0.12   4.68775e-310
          0.122    7.6498e-304
          0.124   9.94224e-290
          0.126   1.89137e-307
          0.128   8.45528e-307
           0.13              0
          0.132   5.34255e-317
          0.134    7.00068e-83
          0.136              0
          0.138   4.72828e-308
           0.14   4.72828e-308
          0.142              0
          0.144              0
          0.146   4.72828e-308
          0.148              0
           0.15   1.01856e-311
          0.152              0
          0.154              0
          0.156              0
          0.158              0
           0.16              0
          0.162              0
          0.164              0
          0.166              0
          0.168              0
           0.17              0
          0.172              0
          0.174              0
          0.176              0
          0.178              0
           0.18   1.06851e-317
          0.182              0
          0.184              0
          0.186              0
          0.188              0
           0.19              0
          0.192              0
          0.194              0
          0.196              0
          0.198              0
            0.2              0
          0.202              0
          0.204              0
          0.206              0
          0.208              0
           0.21              0
          0.212              0
          0.214              0
          0.216              0
          0.218              0
           0.22              0
          0.222              0
          0.224              0
          0.226              0
          0.228              0
           0.23              0
          0.232              0
          0.234              0
          0.236              0
          0.238              0
           0.24              0
          0.242              0
          0.244              0
          0.246              0
          0.248              0
           0.25              0
          0.252   1.49268e-316
          0.254              0
          0.256              0
          0.258              0
           0.26              0
          0.262              0
          0.264              0
          0.266              0
          0.268              0
           0.27              0
          0.272              0
          0.274              0
          0.276              0
          0.278              0
           0.28              0
          0.282              0
          0.284              0
          0.286              0
          0.288              0
           0.29              0
          0.292              0
          0.294              0
          0.296              0
          0.298              0
            0.3              0
          0.302              0
          0.304              0
          0.306              0
          0.308              0
           0.31              0
          0.312              0
          0.314              0
          0.316              0
          0.318              0
           0.32              0
          0.322              0
          0.324              0
          0.326              0
          0.328              0
           0.33              0
          0.332              0
          0.334              0
          0.336              0
          0.338              0
           0.34              0
          0.342              0
          0.344              0
          0.346              0
          0.348              0
           0.35              0
          0.352              0
          0.354              0
          0.356              0
          0.358              0
           0.36              0
          0.362              0
          0.364              0
          0.366              0
          0.368              0
           0.37              0
          0.372              0
          0.374   2.13702e-317
          0.376              0
          0.378              0
           0.38              0
          0.382              0
          0.384              0
          0.386              0
          0.388              0
           0.39              0
          0.392              0
          0.394              0
          0.396              0
          0.398   4.72828e-308
            0.4              0
          0.402              0
          0.404              0
          0.406              0
          0.408              0
           0.41              0
          0.412              0
          0.414              0
          0.416              0
          0.418              0
           0.42              0
          0.422              0
          0.424              0
          0.426              0
          0.428              0
           0.43              0
          0.432              0
          0.434              0
          0.436              0
          0.438              0
           0.44              0
          0.442              0
          0.444              0
          0.446              0
          0.448              0
           0.45              0
          0.452              0
          0.454              0
          0.456              0
          0.458              0
           0.46              0
          0.462              0
          0.464              0
          0.466              0
          0.468              0
           0.47              0
          0.472              0
          0.474              0
          0.476              0
          0.478              0
           0.48              0
          0.482              0
          0.484              0
          0.486              0
          0.488              0
           0.49              0
          0.492              0
          0.494              0
          0.496              0
          0.498              0
            0.5              0
          0.502              0
          0.504              0
          0.506              0
          0.508              0
           0.51              0
          0.512              0
          0.514              0
          0.516              0
          0.518              0
           0.52              0
          0.522              0
          0.524              0
          0.526              0
          0.528              0
           0.53              0
          0.532              0
          0.534              0
          0.536              0
          0.538              0
           0.54              0
          0.542              0
          0.544              0
          0.546              0
          0.548              0
           0.55              0
          0.552              0
          0.554              0
          0.556              0
          0.558              0
           0.56              0
          0.562              0
          0.564              0
          0.566              0
          0.568              0
           0.57              0
          0.572              0
          0.574              0
          0.576              0
          0.578              0
           0.58              0
          0.582              0
          0.584              0
          0.586              0
          0.588              0
           0.59              0
          0.592              0
          0.594              0
          0.596              0
          0.598              0
            0.6              0
          0.602              0
          0.604              0
          0.606              0
          0.608              0
           0.61              0
          0.612              0
          0.614              0
          0.616              0
          0.618              0
           0.62              0
          0.622              0
          0.624              0
          0.626              0
          0.628              0
           0.63              0
          0.632              0
          0.634              0
          0.636              0
          0.638   7.65055e-304
           0.64              0
          0.642   5.05923e-321
          0.644   4.94066e-324
          0.646   6.32404e-322
          0.648    1.0291e-311
           0.65    1.0291e-311
          0.652    1.0291e-311
          0.654              0
          0.656   3.39519e-313
          0.658              0
           0.66              0
          0.662              0
          0.664              0
          0.666              0
          0.668              0
           0.67              0
          0.672              0
          0.674              0
          0.676              0
          0.678              0
           0.68              0
          0.682              0
          0.684              0
          0.686              0
          0.688              0
           0.69              0
          0.692              0
          0.694              0
          0.696              0
          0.698              0
            0.7              0
          0.702              0
          0.704              0
          0.706              0
          0.708              0
           0.71              0
          0.712              0
          0.714              0
          0.716              0
          0.718              0
           0.72              0
          0.722              0
          0.724              0
          0.726              0
          0.728              0
           0.73              0
          0.732              0
          0.734              0
          0.736              0
          0.738              0
           0.74              0
          0.742              0
          0.744              0
          0.746              0
          0.748              0
           0.75              0
          0.752              0
          0.754              0
          0.756              0
          0.758              0
           0.76              0
          0.762              0
          0.764              0
          0.766              0
          0.768              0
           0.77              0
          0.772              0
          0.774              0
          0.776              0
          0.778              0
           0.78              0
          0.782              0
          0.784              0
          0.786              0
          0.788              0
           0.79              0
          0.792              0
          0.794              0
          0.796              0
          0.798              0
            0.8              0
          0.802              0
          0.804              0
          0.806              0
          0.808              0
           0.81              0
          0.812              0
          0.814              0
          0.816              0
          0.818              0
           0.82              0
          0.822              0
          0.824              0
          0.826              0
          0.828              0
           0.83              0
          0.832              0
          0.834              0
          0.836              0
          0.838              0
           0.84              0
          0.842              0
          0.844              0
          0.846              0
          0.848              0
           0.85              0
          0.852              0
          0.854              0
          0.856              0
          0.858              0
           0.86              0
          0.862              0
          0.864              0
          0.866              0
          0.868              0
           0.87              0
          0.872              0
          0.874              0
          0.876              0
          0.878              0
           0.88              0
          0.882    1.0291e-311
          0.884              0
          0.886              0
          0.888              0
           0.89              0
          0.892              0
          0.894              0
          0.896              0
          0.898              0
            0.9              0
          0.902              0
          0.904              0
          0.906              0
          0.908              0
           0.91              0
          0.912              0
          0.914              0
          0.916              0
          0.918              0
           0.92              0
          0.922              0
          0.924              0
          0.926              0
          0.928              0
           0.93              0
          0.932              0
          0.934              0
          0.936              0
          0.938              0
           0.94              0
          0.942              0
          0.944              0
          0.946              0
          0.948              0
           0.95              0
          0.952              0
          0.954              0
          0.956              0
          0.958              0
           0.96              0
          0.962              0
          0.964              0
          0.966              0
          0.968              0
           0.97              0
          0.972              0
          0.974              0
          0.976              0
          0.978              0
           0.98              0
          0.982              0
          0.984              0
          0.986              0
          0.988              0
           0.99              0
          0.992              0
          0.994              0
          0.996              0
          0.998              0
              1              0
          1.002              0
          1.004              0
          1.006              0
          1.008              0
           1.01              0
          1.012              0
          1.014              0
          1.016              0
          1.018              0
           1.02              0
          1.022              0
          1.024              0
          1.026              0
          1.028              0
           1.03              0
          1.032              0
          1.034              0
          1.036              0
          1.038              0
           1.04              0
          1.042              0
          1.044              0
          1.046              0
          1.048              0
           1.05              0
          1.052              0
          1.054              0
          1.056              0
          1.058              0
           1.06              0
          1.062              0
          1.064              0
          1.066              0
          1.068              0
           1.07              0
          1.072              0
          1.074              0
          1.076              0
          1.078              0
           1.08              0
          1.082              0
          1.084              0
          1.086              0
          1.088              0
           1.09              0
          1.092              0
          1.094              0
          1.096              0
          1.098              0
            1.1              0
          1.102              0
          1.104              0
          1.106              0
          1.108              0
           1.11              0
          1.112              0
          1.114              0
          1.116              0
          1.118              0
           1.12              0
          1.122              0
          1.124              0
          1.126              0
          1.128              0
           1.13              0
          1.132              0
          1.134              0
          1.136              0
          1.138              0
           1.14              0
          1.142              0
          1.144              0
          1.146              0
          1.148              0
           1.15              0
          1.152              0
          1.154              0
          1.156              0
          1.158              0
           1.16              0
          1.162              0
          1.164              0
          1.166              0
          1.168              0
           1.17              0
          1.172              0
          1.174              0
          1.176              0
          1.178              0
           1.18              0
          1.182              0
          1.184              0
          1.186              0
          1.188              0
           1.19              0
          1.192              0
          1.194              0
          1.196              0
          1.198              0
            1.2              0
          1.202              0
          1.204              0
          1.206              0
          1.208              0
           1.21              0
          1.212              0
          1.214              0
          1.216              0
          1.218              0
           1.22              0
          1.222              0
          1.224              0
          1.226              0
          1.228              0
           1.23              0
          1.232              0
          1.234              0
          1.236              0
          1.238              0
           1.24              0
          1.242              0
          1.244              0
          1.246              0
          1.248              0
           1.25              0
          1.252              0
          1.254              0
          1.256              0
          1.258              0
           1.26              0
          1.262              0
          1.264              0
          1.266              0
          1.268              0
           1.27              0
          1.272              0
          1.274              0
          1.276              0
          1.278              0
           1.28              0
          1.282              0
          1.284              0
          1.286              0
          1.288              0
           1.29              0
          1.292              0
          1.294              0
          1.296              0
          1.298              0
            1.3              0
          1.302              0
          1.304              0
          1.306              0
          1.308              0
           1.31              0
          1.312              0
          1.314              0
          1.316              0
          1.318              0
           1.32              0
          1.322              0
          1.324              0
          1.326              0
          1.328              0
           1.33              0
          1.332              0
          1.334              0
          1.336              0
          1.338              0
           1.34              0
          1.342              0
          1.344              0
          1.346              0
          1.348              0
           1.35              0
          1.352              0
          1.354              0
          1.356              0
          1.358              0
           1.36              0
          1.362              0
          1.364              0
          1.366              0
          1.368              0
           1.37              0
          1.372              0
          1.374              0
          1.376              0
          1.378              0
           1.38              0
          1.382              0
          1.384              0
          1.386              0
          1.388              0
           1.39              0
          1.392              0
          1.394              0
          1.396              0
          1.398              0
            1.4              0
          1.402              0
          1.404              0
          1.406              0
          1.408              0
           1.41              0
          1.412              0
          1.414              0
          1.416              0
          1.418              0
           1.42              0
          1.422              0
          1.424              0
          1.426              0
          1.428              0
           1.43              0
          1.432              0
          1.434              0
          1.436              0
          1.438              0
           1.44              0
          1.442              0
          1.444              0
          1.446              0
          1.448              0
           1.45              0
          1.452              0
          1.454              0
          1.456              0
          1.458              0
           1.46              0
          1.462              0
          1.464              0
          1.466              0
          1.468              0
           1.47              0
          1.472              0
          1.474              0
          1.476              0
          1.478              0
           1.48              0
          1.482              0
          1.484              0
          1.486              0
          1.488              0
           1.49              0
          1.492              0
          1.494              0
          1.496              0
          1.498              0
            1.5              0
          1.502              0
          1.504              0
          1.506              0
          1.508              0
           1.51              0
          1.512              0
          1.514              0
          1.516              0
          1.518              0
           1.52              0
          1.522              0
          1.524              0
          1.526              0
          1.528              0
           1.53              0
          1.532              0
          1.534              0
          1.536              0
          1.538              0
           1.54              0
          1.542              0
          1.544              0
          1.546              0
          1.548              0
           1.55              0
          1.552              0
          1.554              0
          1.556              0
          1.558              0
           1.56              0
          1.562              0
          1.564              0
          1.566              0
          1.568              0
           1.57              0
          1.572              0
          1.574              0
          1.576              0
          1.578              0
           1.58              0
          1.582              0
          1.584              0
          1.586              0
          1.588              0
           1.59              0
          1.592              0
          1.594              0
          1.596              0
          1.598              0
            1.6              0
          1.602              0
          1.604              0
          1.606              0
          1.608              0
           1.61              0
          1.612              0
          1.614              0
          1.616              0
          1.618              0
           1.62              0
          1.622              0
          1.624              0
          1.626              0
          1.628              0
           1.63              0
          1.632              0
          1.634              0
          1.636              0
          1.638              0
           1.64              0
          1.642              0
          1.644              0
          1.646              0
          1.648              0
           1.65              0
          1.652              0
          1.654              0
          1.656              0
          1.658              0
           1.66              0
          1.662              0
          1.664              0
          1.666              0
          1.668              0
           1.67              0
          1.672              0
          1.674              0
          1.676              0
          1.678              0
           1.68              0
          1.682              0
          1.684              0
          1.686              0
          1.688              0
           1.69              0
          1.692              0
          1.694              0
          1.696              0
          1.698              0
            1.7              0
          1.702              0
          1.704              0
          1.706              0
          1.708              0
           1.71              0
          1.712              0
          1.714              0
          1.716              0
          1.718              0
           1.72              0
          1.722              0
          1.724              0
          1.726              0
          1.728              0
           1.73              0
          1.732              0
          1.734              0
          1.736              0
          1.738              0
           1.74              0
          1.742              0
          1.744              0
          1.746              0
          1.748              0
           1.75              0
          1.752              0
          1.754              0
          1.756              0
          1.758              0
           1.76              0
          1.762              0
          1.764              0
          1.766              0
          1.768              0
           1.77              0
          1.772              0
          1.774              0
          1.776              0
          1.778              0
           1.78              0
          1.782              0
          1.784              0
          1.786              0
          1.788              0
           1.79              0
          1.792              0
          1.794              0
          1.796              0
          1.798              0
            1.8              0
          1.802              0
          1.804              0
          1.806              0
          1.808              0
           1.81              0
          1.812              0
          1.814              0
          1.816              0
          1.818              0
           1.82              0
          1.822              0
          1.824              0
          1.826              0
          1.828              0
           1.83              0
          1.832              0
          1.834              0
          1.836              0
          1.838              0
           1.84              0
          1.842              0
          1.844              0
          1.846              0
          1.848              0
           1.85              0
          1.852              0
          1.854              0
          1.856              0
          1.858              0
           1.86              0
          1.862              0
          1.864              0
          1.866              0
          1.868              0
           1.87              0
          1.872              0
          1.874              0
          1.876              0
          1.878              0
           1.88              0
          1.882              0
          1.884              0
          1.886              0
          1.888              0
           1.89              0
          1.892              0
          1.894              0
          1.896              0
          1.898              0
            1.9              0
          1.902              0
          1.904              0
          1.906              0
          1.908              0
           1.91              0
          1.912              0
          1.914              0
          1.916              0
          1.918              0
           1.92              0
          1.922              0
          1.924              0
          1.926              0
          1.928              0
           1.93              0
          1.932              0
          1.934              0
          1.936              0
          1.938              0
           1.94              0
          1.942              0
          1.944              0
          1.946              0
          1.948              0
           1.95              0
          1.952              0
          1.954              0
          1.956              0
          1.958              0
           1.96              0
          1.962              0
          1.964              0
          1.966              0
          1.968              0
           1.97              0
          1.972              0
          1.974              0
          1.976              0
          1.978              0
           1.98              0
          1.982              0
          1.984              0
          1.986              0
          1.988              0
           1.99              0
          1.992              0
          1.994              0
          1.996              0
          1.998              0
              2              0
