      step_size function value
              0              1
            0.1            0.9
            0.2        1.29326
            0.3       -46.2413
            0.4         4651.9
            0.5        -460471
            0.6    4.55867e+07
            0.7   -4.51308e+09
            0.8    4.46795e+11
            0.9   -4.42327e+13
              1    4.37904e+15
            1.1   -4.33525e+17
            1.2     4.2919e+19
            1.3   -4.24898e+21
            1.4    4.20649e+23
            1.5   -4.16442e+25
            1.6    4.12278e+27
            1.7   -4.08155e+29
            1.8    4.04074e+31
            1.9   -4.00033e+33
              2    3.96033e+35
