      step_size function value
              0            0.5
            0.1           50.4
            0.2       -4899.21
            0.3         485103
            0.4   -4.80251e+07
            0.5    4.75449e+09
            0.6   -4.70694e+11
            0.7    4.65988e+13
            0.8   -4.61328e+15
            0.9    4.56714e+17
              1   -4.52147e+19
            1.1    4.47626e+21
            1.2    -4.4315e+23
            1.3    4.38718e+25
            1.4   -4.34331e+27
            1.5    4.29988e+29
            1.6   -4.25688e+31
            1.7    4.21431e+33
            1.8   -4.17216e+35
            1.9    4.13044e+37
              2   -4.08914e+39
